1336.04
1317.32
1311
1309.2
1311.78
1310.69
1310.46
1311.32
1311.02
1312.57
1315.06
1309.85
1315.78
1313.52
1318.7
1311.98
1312.87
1315.59
1317.85
1311.34
1317.7
1317.13
1315.09
1311.86
1308.82
1309.52
1311.04
1319.6
1309.44
1313.35
1311.57
1321.19
1370.04
1316.03
1317.05
1316.32
1314.7
1314.92
1316.38
1311.34
1315.92
1310.26
1317.34
1313.86
1328.16
1316.17
1314.38
1342.48
1311.6
1333.13
1313.48
1312.22
1311.48
1386.25
1313.04
1309.8
1315.18
1324.24
1314.11
1312.53
1313.1
1315.92
1309.46
1311.18
1384.5
1313.82
1308.4
1317.29
1307.89
1318.08
1349.25
1310.78
1312.24
1310.79
1314.45
1310.35
1312.45
1315.58
1310.27
1306.45
1305.57
1301.36
1304.76
1304.37
1314.69
1314.77
1320.35
1316.13
1317.26
1322.57
1316.49
1315.19
1321.76
1318.2
1316.74
1314.83
1316.68
1317.04
1314.68
1315.36
1318.14
1315.2
1314.72
1320.42
1322.5
1317.65
1320.13
1320.78
1314.22
1317.58
1346.47
1362.23
1464.4
1459.73
1469.09
1460.36
1461.05
1461.11
1461.47
1460.71
1466.87
1458.04
1465.85
1463.02
1466.72
1536.94
1529.24
1501.07
1508.22
1487.29
1515.75
1509.99
1497.72
1488.82
1497.85
1502.16
1471.93
1465.67
1468.44
1467.93
1459.45
1462.52
1479.6
1472.03
1462.65
1475.35
1466.86
1464.58
1463.12
1466.78
1463.45
1461.89
1458.86
1465.47
1461.49
1464.68
1464.87
1464.24
1466.41
1453.91
1464
1466.34
1471.73
1318.13
1315.09
1316.36
1317.12
1324.82
1318.45
1321.02
1319.35
1326.31
1316.23
1316.82
1321.5
1316.33
1317.99
1317.84
1317.62
1318.18
1316.94
1321.43
1320.5
1323.87
