0.3888
0.382112
0.381728
0.506272
0.382048
0.38384
0.382144
0.38192
0.38112
0.382176
0.381984
0.381536
0.381312
0.38128
0.38208
0.381184
0.381664
0.38112
0.381568
0.381088
0.38144
0.39024
0.380864
0.380768
0.381184
0.38144
0.380928
0.381088
0.3808
0.3816
0.381984
0.53136
0.417632
0.481984
0.381568
0.380864
0.405312
0.394976
0.381792
0.381088
0.380832
0.380992
0.381728
0.381568
0.381696
0.381376
0.380832
0.381408
0.380864
0.381408
0.390592
0.422976
0.380832
0.380384
0.381728
0.390336
0.394208
0.499936
0.390688
0.38176
