101.758
101.26
101.985
168.732
159.372
156.109
183.114
172.138
160.05
187.392
140.316
129.497
101.551
141.685
101.44
94.68
127.834
126.581
126.814
152.723
62.7321
71.6092
71.486
59.5988
59.5732
58.4501
58.305
72.1088
103.387
120.342
112.277
60.6189
60.8372
88.7987
58.864
96.9247
89.3382
53.1948
52.891
53.2344
52.9708
53.0326
62.6855
68.0603
59.8895
57.2691
57.544
57.4454
57.4631
57.3558
58.3324
57.9503
65.3666
71.8216
63.9034
63.3918
62.4465
62.123
62.3168
62.3692
62.4268
62.362
121.598
110.021
111.091
101.96
61.9027
61.7508
61.6436
70.585
63.5867
63.2605
62.9956
63.4752
55.7391
55.7389
55.803
55.6681
62.0436
62.1551
62.4627
58.564
58.0589
57.9436
54.1073
53.8235
54.6214
52.8359
52.4588
71.4109
65.93
65.504
63.2168
60.5091
60.5526
59.2096
59.1324
59.1988
59.1223
62.5138
62.1589
58.1755
58.4261
57.0937
54.1452
53.9472
53.3174
52.4233
52.6594
62.6196
63.5366
59.2268
58.5965
58.3055
54.3564
54.3003
53.9671
52.1102
53.0508
52.4775
52.1754
52.7499
52.6844
52.0432
52.6968
52.2616
52.5717
51.9352
52.3179
89.4346
89.7369
86.4075
82.7043
79.0469
76.3761
75.5413
74.4399
74.6225
74.2554
52.1641
51.1065
52.1301
51.0068
52.051
51.1182
52.0904
51.1175
51.8447
52.2379
51.6209
52.4412
52.3138
51.6321
52.3661
52.4616
51.7588
52.2777
52.5313
52.5719
51.8889
52.4554
51.4928
52.2078
52.6312
51.83
52.1589
51.3662
52.5161
52.3751
53.4792
52.6863
53.3879
53.2377
52.6183
53.3317
53.2856
52.5893
53.417
53.2775
53.2687
54.084
53.7131
53.4838
52.8794
53.57
53.5821
53.0455
53.761
53.5542
52.8305
53.3513
53.2725
52.7894
53.5923
53.404
52.58
53.1676
53.5123
52.7529
53.3736
53.2782
52.4466
53.4564
53.2464
52.5585
53.1774
53.048
52.6065
53.51
53.4983
52.9984
53.642
53.8289
52.9639
53.401
53.7632
53.0425
53.6908
53.5778
53.9071
54.5554
54.5639
54.7481
53.9001
54.649
54.6695
54.6298
54.6965
54.5264
56.6881
56.706
56.803
56.6622
56.587
56.7018
56.5537
56.6612
56.9688
56.6862
54.9669
54.8993
54.9522
54.8922
54.3485
54.0408
55.1543
55.0948
55.1649
55.0912
58.364
58.0802
58.1226
58.4054
58.1483
58.042
58.2027
58.2132
58.17
58.5005
57.1765
57.0322
56.9146
57.009
56.8084
56.9522
56.9462
57.201
56.9761
57.1274
55.7817
55.455
55.7464
55.7513
55.622
55.673
54.7969
55.4564
55.6403
55.7582
54.591
54.7263
54.5151
54.4148
54.3578
53.8623
54.6317
54.5028
53.8221
54.3142
59.9711
59.7613
59.8529
59.8786
60.128
59.8266
59.7996
59.885
60.1233
59.8454
58.9541
58.723
58.9203
58.6745
58.1036
58.7732
58.7876
58.886
58.9184
58.6808
57.6769
57.6106
57.5665
58.0174
57.6571
57.6704
58.0419
57.5317
57.7168
57.8588
56.6056
56.5268
56.4031
56.7952
56.3711
56.2648
56.6652
56.6743
56.5179
56.4422
55.7225
55.8843
56.0601
56.3524
55.856
56.3812
56.1325
55.9551
56.0745
55.6868
64.6717
64.8582
64.7744
65.2971
64.1811
64.6412
64.6111
64.6951
64.5421
64.7281
64.1157
64.1747
63.9935
64.1707
64.2245
63.8234
64.0172
64.2167
64.0514
63.887
62.9787
62.8566
62.7984
63.0248
63.0938
62.9372
62.9399
62.8812
63.0968
63.0376
62.3186
62.4754
62.2909
62.3148
62.2795
62.2941
62.3031
62.3462
62.4551
62.46
60.5931
61.3582
61.1119
61.2576
61.3913
61.2589
61.0629
61.249
61.4934
60.6403
61.2021
61.1257
61.115
60.7938
60.9625
61.1685
61.1504
61.1023
61.1214
61.0958
59.7377
59.7972
60.0227
59.7567
59.7044
59.9044
60.0931
59.9326
59.8462
59.9125
59.6351
59.5961
59.7271
59.7273
59.4716
59.7393
59.4914
59.5334
59.7673
59.6844
58.8087
58.8936
58.7796
58.6077
58.7901
58.7983
58.7724
58.1224
58.7043
58.917
58.193
58.145
58.0359
58.355
58.2852
58.1324
58.1946
57.6821
58.1777
58.1948
57.2641
57.4556
57.3471
57.3032
57.583
57.3925
57.3521
57.0625
57.558
57.2826
89.2754
85.4127
82.4987
77.5116
76.2589
74.9354
74.4834
74.2414
75.1901
73.6879
51.9451
51.087
52.1549
51.1455
51.6856
52.0086
51.2506
51.7871
50.9616
51.2598
52.5756
52.2108
51.7009
52.4338
51.5067
52.5789
51.3709
52.3856
52.6044
51.8181
52.8112
52.578
51.7646
52.5882
52.3978
51.6764
52.5172
52.4928
51.7168
52.3145
53.4292
52.5972
53.1436
53.346
52.6423
53.2953
53.2524
52.6579
53.4031
53.3696
53.0237
53.8262
53.75
52.9251
53.8704
53.7919
53.1463
53.6287
53.7659
53.6974
53.3547
52.7796
53.863
53.4558
52.5601
53.1505
53.1804
52.7405
53.5027
53.3334
52.5709
53.4398
53.2567
52.5949
53.521
53.2065
52.5959
53.336
53.1139
52.4767
53.7377
53.6538
53.6908
53.7088
52.9518
53.6559
53.8923
53.6195
53.0903
53.733
54.5102
53.9358
54.6316
54.6011
53.747
54.6677
54.5804
54.6753
53.781
54.3865
56.8037
56.7722
56.7447
56.6661
57.3556
56.7501
56.7372
56.7552
56.5135
56.8502
55.1554
54.8907
55.3152
54.909
54.1494
54.78
54.9248
55.0902
55.0791
55.0444
58.4002
58.201
58.4241
58.1472
58.28
58.1582
58.4673
58.0564
58.0696
58.2468
56.9546
56.8622
56.8503
56.9024
56.0706
56.7016
57.0608
57.0063
56.6936
56.952
55.5478
55.6219
55.7289
55.8128
55.516
55.4941
55.6982
55.661
55.5406
55.482
54.4378
54.5559
54.6793
54.4554
54.2631
54.34
53.7705
54.5582
54.4763
54.5003
59.8474
59.8502
59.664
59.9173
60.1096
60.4492
59.768
59.8809
59.74
59.6923
58.7883
58.7156
58.8276
58.7357
58.8142
58.7792
59.0005
58.6466
58.7795
58.6993
57.7947
57.909
57.7004
57.5475
57.6264
57.8996
57.8581
57.6763
57.8932
57.6918
56.5946
56.529
56.5554
56.3991
56.4849
56.5266
56.4233
56.6898
56.3663
56.8043
55.993
56.1253
56.127
55.7178
56.1796
56.214
56.118
56.2036
56.1196
56.1171
64.8274
64.6113
64.5738
64.9155
65.3925
64.5207
64.8838
64.7555
64.6957
64.7261
63.9085
63.9138
64.2588
63.4067
64.2475
63.9793
63.9004
64.1544
64.0269
64.0245
62.8395
63.2668
62.386
62.8612
62.9581
63.0605
62.9251
62.8551
62.8884
63.1516
62.5172
63.2178
62.3508
62.5174
62.2228
62.3713
62.1001
62.1882
62.3807
62.1004
60.5721
61.2889
61.2704
61.2246
61.5158
61.3068
61.4052
61.2824
61.309
61.2616
61.1396
61.0293
60.8998
60.7679
61.0047
60.9036
61.0491
61.0769
61.1955
61.1045
60.1166
60.0025
59.9354
60.0598
59.9369
59.7234
59.8864
59.9445
60.1261
59.746
59.5554
59.6114
59.9117
59.5377
59.4548
59.6817
59.6906
59.8745
59.4993
59.7236
58.8048
58.8963
58.8277
58.7276
58.7791
58.8561
58.743
58.732
58.7949
58.85
58.096
58.2711
57.9441
58.075
58.3636
58.3222
58.289
58.0989
58.3113
58.0657
57.5739
57.3604
57.4418
57.3484
57.11
57.3795
57.293
56.4306
57.3877
57.3764
89.8483
84.9436
82.7272
78.0762
76.3982
74.9819
74.4441
74.4629
74.2103
74.4868
51.9526
51.1692
52.1561
51.0451
52.587
51.1764
52.0737
51.1213
52.2518
51.218
52.6984
54.4084
51.7643
52.505
51.5239
52.2331
51.4602
52.5943
51.5149
52.4304
53.1694
52.6002
53.3284
53.1921
52.6449
53.2778
53.1738
52.5015
53.5186
52.9756
54.6298
53.8609
54.641
54.66
54.4128
54.5899
54.2475
54.5743
53.8135
54.481
57.4633
57.5825
57.2678
57.3888
57.3461
57.2119
57.279
57.3132
57.2929
57.3092
73.1867
73.9471
73.6382
73.3579
74.4595
74.3367
74.3753
74.3781
74.4331
75.0793
51.4172
51.7984
52.0923
51.3098
52.3406
52.2279
51.6839
52.0853
51.1084
52.2272
52.5352
51.7597
52.6704
52.5746
51.7903
52.5586
52.3362
51.7244
52.5563
52.3088
52.5504
53.3925
53.2517
53.3565
53.2401
52.4137
53.1934
53.4354
52.5986
53.2719
54.3943
54.4284
53.7197
54.414
54.4792
54.7172
54.5468
54.4819
54.4096
54.6334
57.3874
57.6372
57.239
57.1767
57.2727
57.1844
57.4315
57.5166
57.435
57.1711
166.112
152.969
147.855
147.489
148.51
147.307
147.469
147.566
148.236
147.634
143.046
143.003
143.936
142.875
143.066
143.034
144.014
142.895
142.875
143.117
143.463
142.701
142.589
142.568
143.547
142.56
142.432
142.736
142.659
143.197
144.482
144.35
144.606
144.643
144.563
144.807
144.628
144.63
144.546
144.329
147.223
148.066
147.495
147.372
147.176
147.294
147.436
147.138
147.106
147.134
149.641
149.975
149.863
150.029
150.012
149.75
149.859
149.205
150.096
149.945
89.4024
89.6095
82.9505
82.7205
76.3078
76.338
74.4635
74.5012
75.0779
73.763
51.9747
52.0076
51.2943
52.0292
51.175
52.2959
51.1349
52.1512
51.2161
52.3709
52.3829
51.7736
52.4513
51.5233
52.5966
51.4271
52.4929
52.5375
51.8499
52.2563
53.1992
52.3844
53.1717
53.2391
52.406
53.3846
53.2622
52.4354
53.4222
53.1759
54.7664
53.7963
54.3446
54.7919
54.4996
54.5572
54.6881
54.5457
53.6828
54.7034
57.2074
57.3352
56.2421
57.427
57.2411
57.5224
57.4226
57.1388
57.4428
57.3214
89.4067
90.3703
82.8643
82.4894
76.346
76.3836
74.5293
74.5214
74.8288
73.7645
52.1975
52.027
51.3792
52.277
51.1203
52.2767
51.0077
51.9749
51.2538
51.3662
52.5193
52.4251
51.8579
52.4515
51.5518
52.7498
52.4632
51.8047
52.7339
52.2298
52.5341
53.7821
53.2508
53.1825
52.7119
53.284
53.0253
52.5558
52.9399
52.6606
54.3381
53.6175
54.4945
54.4916
54.3826
54.705
54.4613
54.5124
54.4055
53.7071
57.4783
57.3426
57.2772
56.6515
57.1825
57.2877
57.262
57.1348
57.1828
57.2296
87.7385
83.173
80.5607
78.0818
75.5177
74.7172
73.6929
73.7144
73.5742
73.9117
51.9068
50.7886
51.7675
50.9925
51.9125
50.8414
51.8986
50.9842
51.9004
50.9808
52.4922
52.3519
51.8121
52.5536
52.4043
51.5753
52.6122
52.182
51.809
52.5375
52.94
52.7264
53.3392
53.2904
52.5167
53.554
53.1218
52.4829
53.5116
53.1724
54.6597
53.8285
54.9189
54.672
54.5929
54.7168
54.5782
54.7158
54.8265
54.589
58.061
56.9613
57.9906
57.4515
57.7288
57.7309
57.7297
57.765
57.861
57.7525
73.4553
73.6203
73.5016
73.7494
73.6181
73.6784
73.7859
73.727
73.5202
73.7932
51.7741
51.9559
50.9551
51.8359
50.7923
52.5423
52.3936
51.0408
52.2364
51.734
52.4684
52.3594
51.7982
52.1653
52.5605
51.8052
52.1879
52.4309
51.6771
52.7003
53.2775
52.6866
53.2885
53.0808
52.5512
53.2864
53.3708
52.604
53.488
53.3488
54.6847
54.7877
54.0186
54.7333
54.7161
54.8574
54.7631
54.7455
54.3585
54.8729
57.6952
57.9198
57.6482
57.4256
57.5936
57.7777
57.8161
57.5399
57.4892
57.5296
101.276
100.805
96.7207
94.6759
89.1394
88.7711
87.2753
87.8427
87.3786
87.0335
87.2899
87.3081
87.1142
87.2487
87.8831
87.2479
87.0067
87.1793
87.3622
87.0187
87.8984
87.0236
87.3304
87.2747
87.1606
87.1581
87.0521
87.1396
87.2842
87.1222
87.1188
87.3092
87.356
87.4197
87.3921
87.3022
87.1719
87.1896
87.0347
87.1622
88.016
87.1202
87.3182
87.2556
87.2409
87.098
87.1033
87.2986
87.3779
87.3497
87.3745
87.0777
87.3559
87.9594
87.2647
87.1579
87.3007
87.1721
87.1114
87.2712
213.459
190.256
180.639
180.876
180.22
180.069
180.198
180.104
180.168
180.085
182.37
181.317
181.09
181.95
181.121
180.938
182.099
181.435
181.227
181.275
182.722
181.199
181.077
181.604
181.022
181.106
181.98
181.247
183.957
182.623
181.546
179.482
178.906
178.295
178.808
178.952
179.847
179.054
179.143
179.606
178.794
178.93
179.115
178.863
179.143
179.024
179.826
178.884
179.004
179.595
179.12
179.008
178.97
179.425
178.954
178.918
179.708
179.236
178.93
179.664
222.87
200.334
184.153
180.949
180.073
179.926
180.595
179.953
179.925
179.796
181.064
181.206
181.326
182.056
181.19
181.389
181.899
181.15
181.23
181.608
181.123
184.373
184.214
182.247
181.261
181.066
181.716
181.077
181.016
181.779
178.972
178.728
179.819
179.019
179.017
178.682
179.535
178.79
178.808
179.621
178.879
179.161
179.7
179.012
178.921
178.801
178.765
178.975
178.728
179.643
178.791
179.037
178.768
179.791
179.154
178.707
179.998
179.041
178.949
178.896
82.0523
82.0838
82.201
82.2324
81.9352
81.7541
81.6613
81.6455
81.8906
81.81
52.5868
52.6019
51.9497
52.5497
51.7308
52.665
52.6856
51.8733
52.0331
52.6519
52.7605
51.9764
52.6185
51.7691
52.6866
52.776
51.9611
52.6505
52.7297
51.9417
53.3884
53.4284
52.5347
53.0752
53.3011
52.5102
53.2672
53.3278
52.5935
53.4499
54.5682
53.9031
54.6051
54.537
53.8002
54.444
54.6212
54.5757
54.7572
54.5853
59.2402
58.5036
58.4653
58.4787
58.6763
58.4154
58.6716
58.6498
58.3279
58.6738
58.6363
58.6856
55.0669
55.3858
53.6324
52.095
51.5732
52.4152
50.4029
51.1387
51.325
50.6054
51.2778
50.5372
51.2917
50.5444
51.3797
50.5218
51.2903
50.6383
51.4533
50.3826
51.2947
51.109
50.7565
51.0838
50.453
51.5363
50.5015
51.0676
50.559
51.5884
50.6991
50.9846
51.3914
51.3367
50.6156
51.0138
50.4295
51.4935
50.5338
51.0641
50.6476
51.5137
50.5641
51.012
50.614
51.586
50.7436
51.045
50.4973
51.5434
50.7125
51.1398
50.6708
51.521
51.2069
51.3476
51.3008
50.6599
54.7143
55.2406
55.1003
54.4331
54.6917
54.7353
54.1507
54.9448
54.7285
54.7263
55.0077
54.9211
55.1076
54.7712
53.7812
54.8381
54.8444
54.8541
54.9501
54.4718
55.0408
54.6942
55.1551
54.693
54.7416
54.0346
54.913
54.8018
54.6819
54.8973
54.6453
54.7157
54.7842
54.7979
54.6426
54.7993
54.8971
54.5919
54.5018
54.9305
54.6556
54.833
54.7073
54.9969
54.5715
53.7889
54.9418
54.8804
54.7306
54.7378
54.727
54.5886
54.8892
54.67
54.1288
54.831
54.9682
54.7563
54.8046
54.7581
58.7279
58.7943
55.1817
55.4022
54.9051
51.978
52.1394
51.3806
51.3537
50.6371
51.5735
50.3135
50.5821
51.5362
50.7431
51.5801
50.6577
51.5524
50.6944
51.394
50.7075
51.4896
50.6932
51.5008
50.3749
51.4252
50.6671
51.4023
50.6782
51.4565
50.4203
51.5005
50.5785
51.3628
51.2095
50.7801
51.1071
50.7812
51.3878
50.6344
51.1553
50.3871
51.438
50.583
51.1194
51.534
50.6036
51.3709
50.6155
51.4082
50.5123
51.5012
50.5908
51.4495
50.6359
51.4447
51.3279
50.7715
51.4183
50.7388
56.6726
56.8364
56.5371
56.437
56.5678
56.322
56.6084
56.4613
56.4374
56.5797
56.4711
56.65
56.5443
56.4069
56.4607
56.2713
56.604
56.56
56.4816
56.3754
56.4756
56.5386
56.0935
56.6164
56.2771
56.4715
56.3745
56.4846
56.4157
56.2132
56.4771
56.3122
56.9042
56.6142
56.4236
56.5943
56.2852
56.6276
56.6228
56.4672
56.5526
56.3859
56.4504
56.0066
55.9476
56.6004
56.423
56.4823
56.4303
56.5631
56.6304
56.5802
55.8519
56.4362
56.6402
56.5703
56.5126
56.4771
56.3539
56.7173
130.649
122.478
115.449
107.67
105.282
104.455
103.71
104.39
104.196
104.501
56.3611
56.7115
56.5414
56.3159
56.4984
56.3369
56.4432
56.3318
56.6356
56.5457
54.1985
54.441
54.2668
53.5095
54.3408
54.1651
53.6011
54.2917
54.3522
53.6319
55.2422
55.3861
55.2485
55.4214
55.3069
55.1732
54.7992
55.4958
55.2898
55.3138
57.529
57.5692
57.7835
57.9217
57.6503
57.6812
57.8569
57.7666
57.9013
57.5467
61.6052
61.645
61.8758
61.7815
61.7223
61.7502
61.9793
61.9138
61.71
61.8368
127.132
117.785
109.112
106.512
104.446
104.267
104.255
104.153
104.329
104.379
56.4387
56.5544
56.6493
56.2378
56.6695
56.6151
56.396
56.426
56.3488
56.4202
54.3309
54.3008
54.1932
54.2776
54.4471
54.3415
53.4949
54.1853
54.5726
54.1733
54.6605
55.1032
55.3907
55.0574
55.2468
55.272
54.6193
55.119
55.3922
55.0533
57.8288
57.6901
57.6396
57.9859
58.165
57.6233
57.7968
57.7548
57.7393
57.5974
61.8353
61.7455
61.8332
62.0077
61.2514
61.7063
61.7591
61.9702
61.5717
61.515
50.9921
50.5041
51.1428
50.3668
51.559
50.4657
51.2658
50.575
51.4823
50.5793
51.0258
50.3441
51.4113
50.9434
50.6752
51.502
51.2396
51.4853
50.8107
51.3929
51.1017
51.6799
50.8014
51.4114
51.2708
50.8636
51.5068
50.2145
51.3458
50.5688
51.2957
50.323
51.1942
50.576
51.1313
51.2974
50.5497
50.9718
50.6475
51.3864
50.399
51.3061
50.3527
51.5832
50.6339
50.9828
51.3194
52.3664
52.7138
52.1029
51.1095
50.6057
51.0653
50.5945
51.4341
50.5395
51.0352
51.1878
50.571
51.7423
129.623
117.913
111.056
107.29
104.327
104.257
103.576
104.302
104.123
104.215
56.4967
56.6178
56.1648
55.6359
62.7273
56.2714
56.7227
56.6207
56.4771
56.5222
54.302
54.2
54.2528
54.3929
53.7149
54.1176
54.5271
54.0625
54.5562
54.2781
55.4579
54.3425
55.4345
55.4986
55.3765
55.2382
54.7635
55.3522
55.4523
55.3533
57.8605
57.7506
57.8819
57.8675
57.7487
57.9677
57.7534
57.6818
57.8204
57.8623
61.6123
61.7094
61.8892
61.1904
62.286
61.9026
61.2803
61.8221
62.0373
61.6699
126.166
118.226
108.576
106.588
104.314
104.388
104.776
104.405
104.346
104.304
56.4886
56.4798
56.3347
56.4548
56.3829
56.4948
56.3721
56.2276
56.5386
56.2255
54.5048
54.0178
54.4449
54.0775
54.3709
53.5688
54.5782
54.1779
53.6495
54.3791
55.5208
54.4388
55.5879
55.6282
54.6236
55.5752
55.2861
55.4325
55.2836
55.4784
57.6912
57.6207
57.8309
57.713
56.924
57.7468
57.5842
57.6797
57.8428
57.8074
61.8149
61.6532
61.7504
62.0103
61.7007
61.7668
61.6107
61.7839
61.8542
61.7114
130.346
118.031
111.573
107.226
104.374
104.375
105.032
104.242
104.306
104.326
56.3279
56.3657
56.4505
56.2376
56.417
56.4724
56.5637
56.2453
56.5254
56.3419
54.283
54.2656
54.5435
54.4123
53.4926
54.3274
54.1376
53.5594
54.4405
54.3602
55.486
54.3268
55.4166
55.6243
55.4133
55.2574
54.7678
55.2852
55.2909
55.3301
57.6841
57.8835
57.8897
57.8513
57.7078
57.8488
57.7006
57.7388
57.6806
57.8956
61.7658
61.9743
61.9065
61.7633
61.9897
61.9909
61.6609
61.5687
61.6961
61.7201
58.5203
57.5729
54.8332
55.0359
53.9846
52.052
51.4855
52.0174
50.3222
51.3893
50.5324
51.3702
50.9679
50.8018
51.0612
50.3514
51.3689
50.6367
51.102
50.5654
51.3658
50.3625
51.1509
51.2261
50.5596
51.3308
50.5188
51.3837
50.6082
51.4922
50.5524
51.4286
50.6359
51.4967
51.4352
50.6579
51.3232
50.3348
51.0905
50.3375
51.3455
50.3191
51.1692
50.5502
51.4144
51.2685
50.8447
51.2985
50.5639
51.4228
50.477
51.3773
50.6061
51.4672
51.2153
50.8507
51.2215
50.9883
51.3079
51.0085
130.433
121.33
114.688
107.729
104.838
104.414
103.571
104.343
104.25
104.259
56.4278
56.3978
56.2347
55.7461
56.3294
56.3315
56.3829
56.3655
56.3192
56.3656
54.2359
54.0688
54.4239
54.0873
53.681
54.4366
54.4175
53.5723
54.5596
54.2704
54.667
55.489
55.3833
55.6244
55.4659
55.2116
54.6452
55.5404
55.3392
55.5185
57.7786
57.7384
57.7708
57.9348
57.5348
57.6957
57.5516
57.6733
57.8274
57.729
61.8282
61.7387
61.9851
62.0101
61.7986
61.6754
61.676
61.7466
61.7021
61.7469
130.338
125.399
118.051
107.708
105.888
105.114
104.401
104.158
104.425
104.389
56.5644
56.4063
55.8354
56.2989
56.4553
56.6113
56.2197
56.7374
56.5171
56.4402
54.3968
54.3349
54.2921
53.6092
54.0788
54.6078
54.2191
54.3959
54.1292
54.4217
55.2353
55.3987
55.3989
55.5201
55.2777
55.6413
55.2936
55.5714
55.3846
55.5179
57.6941
57.9736
57.9933
57.7745
57.9254
57.8796
57.7828
57.7264
57.6453
57.866
61.7499
61.732
61.6327
61.8877
61.8208
61.7366
61.6071
61.8565
61.6957
61.7357
63.0313
61.4091
58.9539
58.86
55.9751
55.4149
55.6481
54.5645
55.0924
54.9442
54.0404
54.8782
54.0265
54.8159
57.0521
54.0825
54.8278
54.0969
55.0957
54.9465
54.6554
54.6906
54.1798
54.8551
54.058
54.9268
54.288
54.5369
54.9494
55.0553
54.9337
54.022
54.9207
54.2706
54.5531
54.7084
54.0796
54.8997
54.0465
55.8114
54.5279
54.1856
54.9667
54.0286
54.8031
54.0237
54.7692
54.7647
54.1344
54.7729
54.9724
54.882
54.0252
54.6335
54.7154
54.0712
54.8201
54.0362
54.8043
54.3053
6542
6479.44
6515.7
6497.44
6477.82
6504.26
6513.96
6505.91
6496.98
6483.25
6490.3
6475.85
6482.81
6492.56
6498.75
6477.4
6494.44
6496.15
6497.36
6460.52
6459.77
6469.71
6483.59
6457.22
6469.01
6468.85
6479.17
6468.05
6464.13
6488.66
6463.61
6479.89
6494.96
6475.37
6488.49
6459.28
6474.17
6462.1
6491.82
6462.12
6463.86
6478.23
6468.3
6467.46
6467.05
6461.53
6469.96
6457.18
6469.3
6462.42
6464.99
6446.93
6466.52
6466.4
6452.04
6463.41
6464.23
6454.64
6473.22
6458.84
239.807
209.456
51.0922
51.4162
203.82
74.858
58.4992
56.6029
56.317
64.402
58.4799
58.4627
58.6042
70.2114
6585.19
869.494
167.302
56227.8
148.54
9.84256
1255.76
657.594
59.3593
63.9639
11452.1
58.4927
58.8037
58.4682
58.755
58.462
64.6279
64.458
61.3784
61.6708
61.4327
57.6333
57.7491
56.5518
56.776
56.8013
56.8933
101.545
95.1863
88.9505
87.1712
87.3216
87.3631
87.0705
87.2612
87.2845
64.4417
101.084
97.8304
94.0175
90.7142
89.2309
87.508
87.1205
86.3798
87.1835
87.1497
87.1563
87.3261
87.2436
88.0603
87.2512
87.2463
87.149
87.059
87.3001
87.2397
100.486
99.8224
94.6451
91.9511
85.1543
85.1365
83.3809
85.1795
83.0476
83.3001
54.3667
54.2813
54.2242
54.053
54.6227
54.2871
54.25
53.5441
54.3912
54.422
54.5835
54.6808
54.4837
54.7638
54.4999
54.813
54.5768
53.8361
54.5788
54.6404
55.2398
55.284
55.0911
55.4735
55.1154
55.5062
54.9045
55.4765
54.9526
55.2418
56.2742
56.6646
56.6656
56.5226
56.4804
56.2768
56.7552
56.3512
56.7103
56.6319
59.6091
59.5239
59.6172
59.4947
59.3801
59.4781
59.4411
58.6883
59.3794
59.4592
58.368
59.309
57.3521
54.9237
54.6306
54.4507
52.1026
51.1505
52.1066
50.387
51.1794
50.3205
51.5005
50.6612
51.3627
50.7447
51.4999
50.6399
51.3992
50.4116
51.415
50.3314
51.331
51.6582
50.5522
51.4497
51.8603
51.5007
50.6113
51.2269
50.432
51.3907
50.5353
51.2309
51.3316
50.7489
51.3977
50.7028
51.4313
50.6783
51.4849
50.2063
51.4366
51.3373
50.4506
51.3484
50.4081
51.604
51.3257
51.321
50.7288
51.3738
50.4907
51.0604
51.4847
50.8179
51.0586
51.2366
51.1306
51.2773
87.1402
87.9289
87.2844
87.2727
87.134
86.8353
86.9847
86.9787
87.5753
87.0931
87.1368
87.2119
87.8067
87.8288
87.8585
86.9893
86.9387
87.1713
87.0892
86.9611
88.5987
88.3586
88.0944
87.7153
87.8178
88.2906
87.1429
87.9772
87.0341
91.0381
92.1077
91.3575
87.5626
87.1382
88.125
87.0286
87.0186
87.07
87.1361
87.0641
87.085
87.3139
86.7461
87.0817
87.0419
87.1438
87.087
87.7394
87.2131
86.9838
87.2356
87.1217
86.9201
87.1082
87.1138
87.3195
86.8344
87.1544
87.1973
86.9987
100.457
92.8996
91.7718
85.7929
84.9167
83.417
83.2651
84.0786
83.1791
83.2835
54.284
54.5707
54.292
53.492
54.3045
54.0977
53.6505
55.1025
54.383
54.2349
53.8002
54.7765
54.5078
53.7886
54.6888
54.3559
54.7413
54.4044
54.6071
54.7041
55.3373
55.3344
55.1635
55.223
55.1607
55.3408
55.1271
55.5366
55.1654
55.0836
56.0074
56.5258
56.5889
56.3648
56.636
56.6483
56.6216
56.9332
56.4123
56.6595
59.389
59.2889
59.6555
59.5184
59.4091
59.3232
59.566
59.5898
59.4818
59.58
74.4898
75.4981
74.003
74.7837
74.4054
74.3237
74.4939
74.43
74.3135
73.6288
52.4713
53.353
51.9806
52.7478
52.8326
52.4296
51.8755
52.7959
53.9865
52.9851
52.5817
53.0201
53.2556
52.4261
52.9734
53.2534
52.2911
52.9099
53.1463
52.3724
53.4074
54.1828
53.8308
52.9995
54.1912
54.8065
54.0934
54.1178
54.1021
53.627
55.0486
54.5252
55.7159
55.42
55.1975
55.1566
55.1836
55.2461
55.1732
55.3687
58.1096
57.8045
58.2305
57.9911
58.1045
57.9738
58.0537
58.1432
58.0236
57.9229
74.3778
74.639
74.7292
74.5332
74.3146
74.3416
74.2775
74.1737
74.3475
75.1853
52.4954
52.7731
52.2363
52.6596
53.016
51.8967
52.8071
52.7527
51.9493
52.7406
53.2083
52.4636
53.2351
52.868
52.4932
53.0806
53.0872
52.3905
53.0985
52.8997
53.4056
54.1119
54.1105
53.4796
54.0017
53.747
53.0065
53.7419
54.0498
53.4042
55.5954
55.4429
55.4883
54.1431
55.2608
55.3359
55.1425
55.1547
55.2125
55.2713
58.1406
57.9253
58.2068
58.198
58.0528
57.9748
58.2904
57.8768
58.139
58.4538
90.0593
89.3285
86.3471
82.9515
79.7257
76.1723
75.3048
74.2559
74.4116
74.316
52.4426
52.4069
51.8616
52.2918
52.3826
51.8509
52.3324
52.4737
52.6772
52.0414
53.0568
52.8316
52.4156
53.1218
52.893
52.2985
53.2016
52.985
52.4202
52.2087
53.9815
54.0971
53.6851
54.0602
53.9313
53.9977
53.8433
53.1943
54.05
53.6609
54.6376
55.2981
55.5261
55.0525
55.6154
55.0608
55.3126
55.3666
55.4258
55.466
57.5164
57.9667
58.0475
58.0719
58.0818
57.9435
58.0112
58.1871
58.0869
58.1992
88.7762
85.1292
83.4421
79.0989
77.587
74.0258
74.0379
74.0046
73.2228
74.0172
57.4893
57.615
57.4509
57.7242
57.3526
57.2476
57.3086
57.5641
57.378
57.5877
57.6683
57.8059
57.9125
57.8951
57.9513
58.0777
57.6757
57.9773
58.0327
57.6931
58.4966
58.6343
58.6206
58.6532
58.7548
58.7496
58.4677
57.8038
58.587
58.3573
59.8353
59.9666
59.6739
59.8344
59.6354
59.906
59.8595
60.5017
59.8349
59.2581
62.3357
62.8808
62.9249
64.7737
66.5811
66.5563
66.5023
64.0218
62.977
62.9774
200.962
179.276
168.292
167
165.711
165.83
165.717
166.447
166.009
165.856
189.884
188.915
188.906
189.993
188.869
188.92
189.029
189.124
188.946
188.902
190.033
191.233
192.204
192.836
193
192.36
192.408
193.093
191.691
194.54
188.75
190.876
192.579
190.806
189.442
191.972
190.453
189.294
190.16
189.434
191.393
190.562
189.61
189.598
190.52
191.86
189.502
190.637
189.604
189.51
190.629
191.098
189.99
190.078
191.006
189.991
190.002
190.861
190.09
189.987
90.1198
89.8544
83.7018
82.9491
76.5425
75.9872
74.7344
74.4552
73.7227
74.4283
52.7332
52.4941
51.858
52.5518
51.5804
52.1901
52.6325
51.8848
51.7652
52.4474
52.9377
52.2617
53.0987
52.8511
52.3065
52.9579
52.8274
52.2923
53.0694
52.838
53.1188
53.998
53.7052
54.1164
53.8163
53.8535
53.1391
53.4357
53.5566
53.8773
54.4938
55.4306
55.2607
55.3006
55.1981
55.332
55.4465
55.2884
58.3963
55.2914
57.5308
58.2559
58.01
58.0167
58.2511
58.1168
58.3098
58.0568
58.2321
58.1845
89.5892
88.7784
84.4694
82.6864
77.543
76.1723
76.8124
74.2263
74.3544
74.3493
52.4251
52.1065
51.6639
52.4108
51.4835
52.5759
51.3604
52.4938
52.49
51.6451
52.9239
53.0059
52.1732
52.8895
53.1681
53.0266
52.9577
52.2629
52.9717
52.9493
53.0526
53.5394
54.0294
53.9041
53.8931
53.1676
53.7947
54.019
53.709
54.1317
55.0587
54.2653
55.3168
55.3932
55.2969
55.4698
55.4505
55.299
55.3779
55.4142
57.3106
58.0292
58.0583
58.0684
58.0519
58.091
58.1487
58.1059
57.9785
58.2697
101.624
96.0995
93.5066
89.2887
88.3814
86.9961
87.0931
88.1298
87.2166
86.9306
87.128
86.917
87.0489
87.0616
86.3311
87.2484
87.0906
87.3274
86.9876
87.1968
88.1341
87.12
87.2477
87.234
87.0896
87.0369
87.2055
88.0314
87.02
87.0245
86.998
86.9659
87.0139
87.3776
87.1411
87.1664
87.0977
87.1475
87.1849
86.938
87.7841
87.2302
86.8976
86.9905
87.1155
87.0974
86.9864
87.0898
87.1068
86.9245
87.0274
87.1582
87.0653
87.0035
87.7696
86.9669
87.1688
87.0941
87.1217
87.1219
89.3702
88.0728
82.6449
79.8446
76.4079
75.7559
74.4283
74.4106
74.3482
74.5095
52.7502
52.4176
51.998
52.8508
52.5299
51.903
52.7131
52.6682
51.9104
51.8878
53.0157
52.888
52.2399
53.1601
53.0481
52.3404
52.9542
52.9639
52.1586
52.661
53.9165
53.1142
53.592
53.9897
53.9485
53.2802
53.9552
53.9913
53.0555
53.6499
55.3387
54.3502
55.5214
55.373
55.5976
55.2435
55.4816
55.093
55.498
55.3048
58.3866
58.2044
58.0058
58.1708
58.081
58.2089
58.3875
58.2492
58.1692
58.1612
266.662
233.879
219.184
217.352
217.125
217.783
217.132
216.889
217.732
216.893
217.255
217.093
216.993
217.894
217.094
217.159
217.818
217.202
217.149
217.976
216.95
217.675
217.156
217.084
217.671
217.041
216.984
217.794
217.167
216.859
217.575
216.988
218.042
217.365
217.177
217.826
217.263
216.854
217.74
216.805
217.077
216.385
217.085
217.672
217.275
217.011
217.87
216.971
217.127
217.848
217.089
217.03
217.353
217.078
217.859
217.237
217.067
217.834
217.215
217.104
138.694
130.867
121.788
112.622
110.062
110.24
109.476
109.423
109.53
109.547
109.594
110.058
109.351
109.364
109.468
109.475
110.269
109.312
109.459
109.585
109.473
110.374
109.48
109.643
109.435
109.48
109.493
109.709
109.608
109.397
109.215
109.532
110.133
109.608
109.571
109.263
109.556
110.232
109.516
109.527
109.516
109.683
110.087
109.631
109.51
109.697
109.473
109.262
109.279
109.592
109.357
109.343
109.272
110.157
109.686
109.451
109.265
109.594
109.965
109.798
267.111
234.186
219.16
217.382
217.03
217.998
217.255
217.187
218.066
217.315
217.249
217.178
217.141
218.077
217.225
217.219
218.064
217.32
217.088
217.921
217.116
217.77
217.162
217.068
217.892
217.353
216.996
217.715
217.217
217.214
217.885
217.068
217.991
217.163
217.28
217.816
217.262
217.146
217.946
217.066
217.177
216.43
217.077
218.068
217.175
217.103
220.233
217.487
217.11
217.835
217.233
217.647
217.313
217.141
217.959
217.25
217.202
218.093
217.109
217.106
109.626
109.149
109.986
110.002
109.588
109.501
112.09
109.81
109.816
109.691
50.3214
49.8811
50.6201
50.5063
49.9728
50.41
49.9143
50.5086
49.7865
50.6284
45.7187
46.2682
45.7951
46.0735
45.6156
46.0227
46.7584
46.9674
45.7815
46.2943
49.0622
49.3549
49.0751
49.631
49.0531
49.9985
48.9069
50.1909
49.0555
49.732
60.6341
61.2085
61.2656
61.4135
61.3805
61.4159
61.6254
61.206
61.4142
61.2782
83.9633
83.8493
83.8696
84.0129
84.7517
83.8951
83.8334
83.7354
83.8907
83.9309
55.7715
55.1497
51.6359
49.9478
50.5469
49.3993
46.9958
46.6249
47.4433
45.7286
46.2595
45.6038
46.2458
45.5549
45.5456
45.1392
46.0738
45.5339
46.3953
45.6667
46.2707
45.6246
46.2108
45.6748
46.1887
46.1536
45.7313
45.3098
46.1863
45.6022
46.2949
45.5463
46.4461
45.428
46.2292
45.4259
46.0743
45.8038
47.0468
45.6562
46.1972
45.669
46.1593
45.7529
46.2073
45.7398
46.1106
45.5871
46.1611
45.5396
45.4335
45.2061
46.3237
45.4704
46.2142
45.4471
46.3408
45.5117
46.2708
45.5904
63.3928
56.4955
52.6357
51.9626
52.7074
52.6112
51.6623
52.5424
51.3894
52.4109
52.2358
51.9599
52.4537
51.4196
54.7759
52.9257
54.1062
51.7214
52.5897
52.5621
51.8428
52.3927
51.4887
52.7154
52.8902
52.5073
51.7774
52.5215
51.4152
52.7774
52.5217
51.9332
52.6911
52.4387
51.852
52.6654
52.3558
51.8647
52.7394
52.6951
51.7955
52.4345
52.4287
51.6987
52.435
51.4186
52.9376
52.7848
52.4791
51.7878
52.5135
52.7755
52.3005
52.482
52.6789
52.5426
51.9788
52.8345
52.6658
52.0427
87.0789
87.4322
87.2063
87.1596
87.2102
87.1642
87.155
87.9756
87.2692
86.9685
87.1575
87.1175
87.025
87.1444
87.1235
87.2003
87.0936
87.3124
86.9029
87.3259
87.3776
87.7737
87.2567
87.2761
87.1165
87.031
87.3039
88.034
87.1993
87.2419
87.3122
87.2115
87.0111
87.2761
87.1776
87.2397
87.2684
87.0607
87.4138
87.1637
87.2637
87.2419
87.2466
87.2993
87.005
87.2398
87.2694
88.1907
86.9672
87.3109
87.2575
89.2549
87.3764
87.1536
86.3994
87.2295
86.9498
87.087
87.1194
87.0579
