268.895
267.187
272.59
271.703
272.371
270.326
271.418
270.166
272.564
270.358
268.992
269.97
267.988
268.188
267.073
268.797
268.006
267.084
288.143
270.246
270.582
271.501
271.103
270.243
269.658
278.775
270.235
269.245
270.899
276.59
268.984
270.148
287.352
272.02
270.598
270.673
269.659
273.814
261.848
273.382
270.134
271.439
272.038
271.222
307.737
270.725
270.056
272.252
269.289
283.18
270.938
271.77
271.138
294.968
271.956
270.124
270.594
271.674
270.677
270.088
272.716
270.057
277.52
267.637
297.028
267.633
271.644
269.547
270.958
272.534
335.8
269.788
271.457
270.04
271.805
270.096
272.222
270.257
270.636
270.884
270.038
270.05
271.282
267.58
269.636
267.377
268.137
267.428
270.107
268.454
266.925
267.058
266.889
270.52
269.242
270.254
270.406
267.061
267.764
271.738
267.561
268.271
267.403
267.662
267.093
281.03
267.866
270.084
272.038
314.51
262.904
2409.23
278.4
280.59
281.76
278.813
278.568
279.877
279.164
279.988
279.919
279.164
278.647
279.21
281.155
278.903
1892.58
3188.18
1941.09
264.341
268.548
280.816
2803.27
2124.23
1112.32
816.349
264.938
278.817
266.794
280.417
278.899
278.864
278.617
284.186
280.916
278.174
281.143
278.757
280.737
278.56
280.769
278.279
279.933
291.531
281.496
278.479
278.743
277.726
277.896
278.256
278.228
281.675
280.819
268.355
270.332
267.059
268.54
269.206
270.134
270.914
271.593
272.366
270.956
271.575
269.827
269.685
269.534
270.425
272.621
269.212
270.628
270.366
272.314
270.298
